{
    "role_1": "Mathematician_RoleType.ASSISTANT",
    "topic;": "Statistics",
    "sub_topic": "Multivariate analysis",
    "message_1": "Suppose you have a dataset of scores from a test taken by 20 students. The test had four sections: Reading, Writing, Math, and Science. The scores are listed below:\n\n```\nReading: 89 92 75 68 90 83 79 85 88 81 87 94 86 77 82 72 80 78 91 84\nWriting: 70 73 68 82 75 80 73 78 77 69 83 72 79 70 81 85 88 84 76 74\nMath: 80 85 90 72 78 82 88 85 77 81 74 87 92 94 89 78 83 86 90 76\nScience: 84 87 91 96 79 83 75 88 85 82 78 80 83 90 89 87 81 72 76 70\n```\n\nCalculate the mean, median, and mode for each section of the test.",
    "message_2": "To calculate the mean, median, and mode for each section, we first need to sort the scores in ascending order.\n\nReading: 68 72 75 77 78 79 80 81 82 83 84 85 86 87 88 89 90 91 92 94\nWriting: 68 69 70 70 72 73 73 74 75 76 77 78 79 80 81 82 83 84 85 88\nMath: 72 74 76 77 78 78 80 81 82 83 85 85 86 87 88 89 90 90 92 94\nScience: 70 72 75 76 78 79 80 81 82 83 83 84 85 87 87 88 89 90 91 96\n\nNow, we can calculate the mean, median, and mode for each section.\n\nReading:\nMean: (68+72+75+77+78+79+80+81+82+83+84+85+86+87+88+89+90+91+92+94)/20 = 82.5\nMedian: (81+84)/2 = 82.5\nMode: No mode, as all scores appear only once.\n\nWriting:\nMean: (68+69+70+70+72+73+73+74+75+76+77+78+79+80+81+82+83+84+85+88)/20 = 76.5\nMedian: (77+78)/2 = 77.5\nMode: 70 and 73 (both appear twice)\n\nMath:\nMean: (72+74+76+77+78+78+80+81+82+83+85+85+86+87+88+89+90+90+92+94)/20 = 82.5\nMedian: (82+83)/2 = 82.5\nMode: 78 and 85 (both appear twice)\n\nScience:\nMean: (70+72+75+76+78+79+80+81+82+83+83+84+85+87+87+88+89+90+91+96)/20 = 82.5\nMedian: (82+83)/2 = 82.5\nMode: 83 and 87 (both appear twice)\n\nSo, the mean, median, and mode for each section are:\n\nReading: Mean = 82.5, Median = 82.5, Mode = None\nWriting: Mean = 76.5, Median = 77.5, Mode = 70, 73\nMath: Mean = 82.5, Median = 82.5, Mode = 78, 85\nScience: Mean = 82.5, Median = 82.5, Mode = 83, 87"
}