{
    "role_1": "Mathematician_RoleType.ASSISTANT",
    "topic;": "Linear algebra",
    "sub_topic": "Determining the rank of a matrix",
    "message_1": "The following matrix A represents the ages of 5 people in a certain community:\n \nA = \n\\begin{bmatrix}\n    22 & 35 & 28 & 19 & 25 \\\\\n    30 & 22 & 27 & 23 & 26 \\\\\n    29 & 35 & 31 & 28 & 24 \\\\\n    19 & 20 & 21 & 22 & 23 \\\\\n\\end{bmatrix}\n\nDetermine the rank of matrix A.",
    "message_2": "To determine the rank of matrix A, we need to perform Gaussian elimination to find the row echelon form of the matrix. \n\nStep 1: Swap row 1 and row 4 to have the smallest element in the first row:\n\n\\begin{bmatrix}\n    19 & 20 & 21 & 22 & 23 \\\\\n    30 & 22 & 27 & 23 & 26 \\\\\n    29 & 35 & 31 & 28 & 24 \\\\\n    22 & 35 & 28 & 19 & 25 \\\\\n\\end{bmatrix}\n\nStep 2: Eliminate the elements below the first pivot (19):\n\nRow 2 = Row 2 - (30/19) * Row 1\nRow 3 = Row 3 - (29/19) * Row 1\nRow 4 = Row 4 - (22/19) * Row 1\n\n\\begin{bmatrix}\n    19 & 20 & 21 & 22 & 23 \\\\\n    0 & -8.6316 & 1.8421 & -1.3158 & -1.2105 \\\\\n    0 & 16.3684 & -2.8421 & 2.3158 & -2.7895 \\\\\n    0 & 12.1053 & 1.1579 & -8.6842 & -1.7895 \\\\\n\\end{bmatrix}\n\nStep 3: Swap row 2 and row 4 to have the smallest element in the second row:\n\n\\begin{bmatrix}\n    19 & 20 & 21 & 22 & 23 \\\\\n    0 & 12.1053 & 1.1579 & -8.6842 & -1.7895 \\\\\n    0 & 16.3684 & -2.8421 & 2.3158 & -2.7895 \\\\\n    0 & -8.6316 & 1.8421 & -1.3158 & -1.2105 \\\\\n\\end{bmatrix}\n\nStep 4: Eliminate the elements below the second pivot (12.1053):\n\nRow 3 = Row 3 - (16.3684/12.1053) * Row 2\nRow 4 = Row 4 - (-8.6316/12.1053) * Row 2\n\n\\begin{bmatrix}\n    19 & 20 & 21 & 22 & 23 \\\\\n    0 & 12.1053 & 1.1579 & -8.6842 & -1.7895 \\\\\n    0 & 0 & -4.9999 & 10.9997 & -0.9997 \\\\\n    0 & 0 & 3.0001 & -5.0003 & 0.0003 \\\\\n\\end{bmatrix}\n\nStep 5: Swap row 3 and row 4 to have the smallest element in the third row:\n\n\\begin{bmatrix}\n    19 & 20 & 21 & 22 & 23 \\\\\n    0 & 12.1053 & 1.1579 & -8.6842 & -1.7895 \\\\\n    0 & 0 & 3.0001 & -5.0003 & 0.0003 \\\\\n    0 & 0 & -4.9999 & 10.9997 & -0.9997 \\\\\n\\end{bmatrix}\n\nStep 6: Eliminate the elements below the third pivot (3.0001):\n\nRow 4 = Row 4 + (4.9999/3.0001) * Row 3\n\n\\begin{bmatrix}\n    19 & 20 & 21 & 22 & 23 \\\\\n    0 & 12.1053 & 1.1579 & -8.6842 & -1.7895 \\\\\n    0 & 0 & 3.0001 & -5.0003 & 0.0003 \\\\\n    0 & 0 & 0 & 0.9999 & -0.9996 \\\\\n\\end{bmatrix}\n\nNow, we have the row echelon form of matrix A. Since all rows have non-zero pivots, the rank of matrix A is 4."
}